100
158.750120154502
78.6367568430089
17.7568273817566
5.86924895553373
2.32750200405199
1.36969804896037
0.939815572551114
0.952085934053826
0.94039706338852
0.912482604543131
0.849611212250893
0.78990519624439
0.753286532445021
0.738915849587612
0.732264202720445
0.72902969678428
0.727668056397862
0.726007917707871
0.724509894503582
0.722670428993043
0.720658247933239
0.718608679954428
0.716517866996073
0.714456858569787
0.712506406249468
0.710662393114811
0.70880967044363
0.707095137349096
0.705480178670327
0.703989081591057
0.702656681447397
0.701372258994453
0.70014810594115
0.699087038298848
0.698099349149438
0.697152577250898
0.696237913701711
0.695453330320646
0.694704239861242
0.693986921324764
0.693309831268785
0.69267275017828
0.692074047472581
0.691498354985998
0.690978988053876
0.690527933775102
0.690136491539053
0.689781243882749
0.689496306630544
0.689214549169452
0.688948409953829
0.688673792516118
0.688409854584937
0.688137544063815
0.687862161654466
0.687598466377053
0.687345738519928
0.687108369902241
0.686893774107347
0.686718305056714
0.68654785676871
0.686372151631117
0.68620227377708
0.686036216569296
0.685875277220576
0.685724235905016
0.685581858738695
0.685449419123386
0.685322537044903
0.685211494818296
0.685119605636222
0.685043253057332
0.684973376901422
0.684910176331171
0.684853123427985
0.684797245198442
0.684743502659215
0.684695630478881
0.684654664302048
0.684618433697087
0.684587084960534
0.684557154648874
0.684526635473131
0.684499338444186
0.684474343556492
0.684447672419172
0.68442286144871
0.684401834422068
0.684382163153897
0.684363782529894
0.684345857394948
0.684326976753762
0.684307193146517
0.684287413243715
0.684272216664006
0.684260881293822
0.684252173205052
0.684246996976967
0.684243020089564
0.684239385022214
0.684234993490718
0.684230038817846
0.684224504955781
0.684218989906784
0.684215280538579
0.684212158067671
0.684209748151225
0.68421032562306
0.684211871016641
0.684217296193013
0.684222331148213
0.68422705562184
0.68423132385725
0.684235180534235
0.684238666008047
0.684242896338535
0.684248793631616
0.684254426130558
0.684259808376662
0.684264975638621
0.684270488652806
0.68427638112563
0.684282319091478
0.684288186770997
0.684294318652169
0.684301782063875
0.684309112028711
0.684316230452032
0.684323117380602
0.684331587576198
0.684341635539105
0.684351420696243
0.684361139184823
0.684370669288787
0.684379957056869
0.684389013038871
0.684397847090953
0.684406468432044
0.684415150639339
0.684423677035568
0.684432009130574
0.684440308594354
0.684448494326777
0.684456804292179
0.684464943951245
0.684472934544178
0.684480812956651
0.684489593689619
0.684498297035179
0.684506846189533
0.68451522547777
0.684523699207926
0.684532632410709
0.684541393249026
0.684549986548933
0.684558416937068
0.684566719381558
0.684575114587378
0.684583633141171
0.684592465802687
0.68460170150768
0.684610780151963
0.684619695661051
0.684628452102861
0.684637053404476
0.684645503358999
0.684653805631965
0.684661963767341
0.684669981193151
0.684677861226749
0.684685607079759
0.684693221862746
0.684700708589573
0.68470807018153
0.684715309471214
0.684722429206188
0.68472943205244
0.684736320597646
0.684743097354262
0.68474976476245
0.684756325192844
0.684762780949182
0.684769134270801
0.684775387335
0.684781542259299
0.684787601103576
0.684793565872115
0.684799438515542
0.684805220932688
0.684810949905215
0.684816599631304
0.684822163880641
0.684827644375421
0.684833042793761
0.684838360771126
0.684843599901704
0.68484876173971
0.684853847800645
0.684858859562509
0.684863798466951
0.68486866592039
0.684873463295083
0.684878191930149
0.684882853132568
0.684887501081269
0.684892202004361
0.684896844630708
0.684901422246198
0.68490593605792
0.684910387244926
0.68491477695903
0.684919106325571
0.684923376444154
0.684927588389372
0.684931743211489
0.68493584193711
0.68493992110803
0.684944058043376
0.684948139835713
0.684952167458993
0.684956141865734
0.684960063987597
0.684963934735924
0.68496775500228
0.684971525658969
0.684975247559533
0.68497892153924
0.684982548415548
0.68498612898857
0.684989664041509
0.684993154341091
0.684996600637979
0.685000003667175
0.685003364148418
0.685006935739718
0.685010524408147
0.685014068713667
0.685017569383121
0.685021027128545
0.685024490470154
0.685027995405262
0.685031457865057
0.685034899917905
0.685038362596351
0.68504178380129
0.685045164191288
0.685048504411907
0.685051805096017
0.685055066864086
0.68505829032448
0.685061476073739
0.685064624696852
0.685067736767525
0.685070812848443
0.685073853491524
0.685076859238157
0.685079830619451
0.685082768156462
0.685085672360425
0.685088543732973
0.685091382766351
0.685094189943627
0.685096965738897
0.685099710617487
0.685102425036135
0.685105109443199
0.68510776427882
0.68511038997512
0.685112986956362
0.685115555639131
0.685118096432498
0.685120609738174
0.685123095950679
0.6851255665432
0.685128012763997
0.685130432893468
0.685132827300839
0.685135196348852
0.685137540393878
0.685139859786059
0.685142154869442
0.685144425982097
0.685146673456246
0.685148897618388
0.685151098789408
0.685153277284695
0.68515543341426
0.685157567482837
0.685159679789997
0.68516177063025
0.685163840293148
0.685165889063379
0.685167917220876
0.685169925040901
0.685171912794146
0.685173880746813
0.685175829160718
0.685177758293366
0.685179668398037
0.685181559723874
0.685183432515959
0.685185287015394
0.685187123459377
0.685188942081282
0.685190743110724
0.68519252677364
0.685194293292355
0.685196042885648
0.68519777576883
0.6851994921538
0.68520119224911
0.685202876260032
0.685204544388622
0.685206196833772
0.685207833791278
0.685209455453888
0.68521106201137
0.685212653650556
0.685214230555406
0.685215792907052
0.685217340883858
0.685218874661463
0.685220394412835
0.685221900308322
0.685223392515695
0.685224871200192
0.685226336524574
0.68522778864916
0.685229227731872
0.685230653928283
0.685232067391653
0.685233468272975
0.685234856721011
0.685236232882331
0.685237596901357
0.685238948920397
0.68524028907968
0.685241617517396
0.685242948563958
0.685244271374523
0.685245582714549
0.685246882716168
0.685248171509617
0.68524944922327
0.685250715983669
0.685251971915558
0.685253217141911
0.685254451783962
0.685255675961235
0.685256889791574
0.685258093391172
0.685259286874592
0.685260470354803
0.685261643943202
0.68526280774964
0.685263961882449
0.685265106448468
0.685266241553063
0.685267367300159
0.685268483792257
0.685269591130457
0.685270689414486
0.685271778742718
0.685272859212196
0.685273930918648
0.685274993956522
0.68527604841899
0.685277094397979
0.685278131984194
0.68527916126712
0.685280182335067
0.685281195275164
0.685282200173395
0.685283197114608
0.685284186182537
0.685285167459815
0.685286141028003
0.685287106967587
0.685288065358016
0.685289016277701
0.685289959804041
0.685290896013437
0.685291824981304
0.685292746782089
0.68529366148929
0.685294569175457
0.685295469912225
0.68529636377031
0.685297250819537
0.685298131128847
0.685299004766307
0.685299871799132
0.685300732293694
0.68530158631553
0.685302433929359
0.685303275199095
0.68530411018786
0.685304938957988
0.685305761571045
0.685306578087839
0.685307388568427
0.68530819307213
0.685308991657542
0.685309784382539
0.685310571304296
0.685311352479292
0.685312127963318
0.685312897811492
0.685313662078265
0.685314420817436
0.685315174082153
0.685315921924932
0.685316664397658
0.685317401551599
0.685318133437411
0.685318860105147
0.685319581604273
0.685320297983668
0.68532100929163
0.685321715575898
0.685322416883645
0.685323113261491
0.685323804755516
0.685324491411261
0.685325173273736
0.685325850387433
0.685326522796327
0.685327190543881
0.685327853673066
0.685328512226354
0.685329166245733
0.685329815772705
0.685330460848305
0.685331101513099
0.685331737807188
0.685332369770226
0.685332997441411
0.685333620859505
0.685334240062829
0.685334855089275
0.685335465976313
0.685336072760989
0.68533667547994
0.68533727416939
0.685337868865169
0.685338459602702
0.685339046417026
0.685339629342792
0.685340208414265
0.685340783665339
0.685341355129531
0.685341922839997
0.685342486829528
0.685343047130558
0.685343603775169
0.685344156795095
0.685344706221726
0.685345252086115
0.685345794418977
0.685346333250701
0.685346868611346
0.685347400530653
0.685347929038041
0.68534845416262
0.685348975933189
0.685349494378236
0.685350009525955
0.685350521404238
0.685351030040684
0.6853515354626
0.685352045037992
0.685352559582727
0.685353070895758
0.685353579004084
0.685354083934421
0.685354585713208
0.685355084366612
0.685355579920525
0.685356072400573
0.685356561832122
0.685357048240268
0.685357531649857
0.685358012085479
0.685358489571471
0.685358964131923
0.685359435790677
0.685359904571333
0.685360370497258
0.685360833591576
0.685361293877177
0.685361751376725
0.68536220611265
0.685362658107163
0.685363107382249
0.685363553959671
0.685363997860982
0.685364439107511
0.685364877720381
0.685365313720506
0.685365747128588
0.68536617796513
0.685366606250426
0.685367032004579
0.685367455247488
0.685367875998859
0.685368294278205
0.685368710104845
0.685369123497917
0.685369534476365
0.685369943058956
0.685370349264271
0.685370753110712
0.685371154616503
0.685371553799692
0.685371950678158
0.685372345269599
0.685372737591554
0.685373127661387
0.685373515496299
0.685373901113326
0.685374284529346
0.685374665761069
0.685375044825055
0.685375421737704
0.685375796515257
0.68537616917381
0.685376539729302
0.685376908197526
0.685377274594123
0.685377638934591
0.685378001234283
0.685378361508409
0.685378719772036
0.685379076040093
0.685379430327367
0.685379782648517
0.685380133018057
0.685380481450372
0.685380827959714
0.685381172560207
0.685381515265839
0.685381856090478
0.685382195047856
0.685382532151591
0.685382867415169
0.685383200851956
0.685383532475198
0.68538386229802
0.685384190333428
0.685384516594313
0.685384841093446
0.685385163843488
0.685385484856984
0.685385804146365
0.685386121723958
0.68538643760197
0.685386751792509
0.685387064307569
0.685387375159038
0.685387684358701
0.685387991918243
0.685388297849237
0.685388602163156
0.685388904871378
0.685389205985179
0.685389505515732
0.685389803474114
0.685390099871309
0.685390394718202
0.685390688025584
