72
464
784
977
992
1153
1402
2218
2532
2734
2816
2817
3019
3052
3087
3232
3249
3348
3495
3844
4080
4501
4768
5054
5091
5106
5219
5504
5508
5543
5544
5612
5686
5687
5706
5844
5909
6085
6159
6277
6434
6524
7043
7068
7257
7271
7310
7413
7417
7431
7725
7957
8549
8595
8790
9366
9403
9706
9801
10084
10380
10668
10695
10718
10867
10868
10903
10960
10992
11122
11295
11357
11526
11653
11711
11864
12053
12055
12061
12123
12552
12884
12953
13159
13370
13376
13406
13756
13780
13824
13827
13906
13984
14263
14314
14365
14397
14411
14496
14760
15185
15232
15338
15349
15350
16008
16023
16419
16489
16646
20040
