56
274
375
389
466
472
531
693
696
697
698
702
750
803
1114
1268
1782
2062
2170
2230
2410
2485
2505
2518
2554
2643
2660
2669
2778
2936
2944
3124
3300
3314
3336
3456
3600
3663
3766
4414
4581
4667
4875
5260
5378
5532
5650
5674
5757
5949
6271
6483
6547
6658
6703
6836
6927
7267
7268
7471
7525
7614
7616
7618
7623
7624
7628
7655
7660
7666
7669
7718
7769
7770
7774
7954
7957
9350
9673
9903
9956
10280
10511
10676
10701
10718
11028
11146
11175
11391
11552
11578
11792
11879
12593
13035
13038
13163
13165
13171
13193
13216
13307
13339
13349
13358
13374
13427
13645
13855
13874
13897
13906
13963
13974
14263
14268
14360
14370
14492
14685
14817
15080
15188
15230
15314
15569
15675
15873
15921
15923
16440
16493
